-3.97266 3.67773 -1.73438 1.84766 4.58203 1.55273 6.25877 0 0.994141 
4.53125 30.625 -0.46875 1.79199 4.35938 1.48242 3.11579 0 0.888672 
23.0156 -1.59375 -1.4707 1.88477 4.42578 1.60742 4.73827 0 0.847656 
-7.65234 17.0938 -1.3125 1.85254 4.64062 1.52148 6.23164 0 0.844238 
7.51562 1.57129 -1.7168 0.611816 0.692383 1.74316 6.27521 7 0.82959 
8.21094 2.33984 -1.75293 0.592773 0.649902 1.77344 3.08788 7 0.796387 
-22.2344 -1.46191 -2.04492 0.565918 0.622559 1.81738 2.88476 7 0.791504 
1.13965 -28.2188 -2.39844 1.98828 4.67188 1.82324 2.95898 0 0.779785 
7.41406 -2.57422 -1.88477 0.737305 0.907715 1.78223 6.2783 7 0.776855 
-18.5781 -4.41406 -2.25 0.523438 0.586426 1.57422 6.0742 7 0.775879 
-19.3906 -4.41406 -2.25195 0.515625 0.57666 1.6416 6.18748 7 0.763672 
-3.12305 -23.7344 -2.11914 1.90039 4.58203 1.72363 6.17576 0 0.760742 
-17.6094 -4.40234 -2.25781 0.528809 0.588379 1.5625 2.94042 7 0.758301 
-15.4297 -4.44922 -2.20703 0.559082 0.631836 1.64551 3.17675 7 0.756348 
7.69141 0.583984 -1.75684 0.63623 0.695801 1.70703 6.32225 7 0.753906 
-14.625 -4.35547 -2.15039 0.595703 0.672363 1.66113 0.883789 7 0.749023 
-16.4688 -4.47266 -2.24414 0.540039 0.603516 1.59863 2.97851 7 0.743164 
-20.1562 -4.39844 -2.24219 0.522461 0.585938 1.70508 6.39842 7 0.707031 
7.59375 2.94531 -1.70117 0.597656 0.665039 1.72363 3.0592 7 0.704102 
1.56445 40.5625 0.0942383 1.90332 4.40625 1.59082 3.14262 0 0.680176 
-21.5312 -1.83496 -2.07422 0.54541 0.591309 1.77539 2.85815 7 0.671387 
7.27734 -10.2031 -1.94141 0.775879 0.950684 1.87207 6.2155 7 0.666992 
8.64062 -27.2969 -2.07031 0.647949 0.632812 1.8125 6.23213 7 0.657227 
8.74219 25.375 -0.532227 0.705078 0.776367 1.78516 6.38066 7 0.655762 
9.21875 26.6719 -0.477539 0.693359 0.745605 1.80859 6.39781 7 0.636719 
9.32812 1.75684 -1.74121 0.574219 0.60498 1.75195 6.23964 7 0.63623 
-23.3281 -2.13086 -2.11328 0.571777 0.611816 1.82324 0.885254 7 0.626953 
8.66406 -28.25 -2.11914 0.657227 0.639648 1.80566 6.23402 7 0.622559 
-22.6562 4.66406 -1.66113 0.686035 0.697754 1.81738 1.52734 7 0.616699 
10.4453 43.5938 0.407715 0.666504 0.686035 1.82715 6.2859 7 0.608887 
-8.10156 -4.74609 -1.89551 0.641113 0.708984 1.75977 6.69432 7 0.590332 
-20.9844 -4.4375 -2.26562 0.535645 0.594727 1.74805 0.947266 7 0.588867 
-8.35156 33.5312 -0.47998 1.91895 4.61328 1.64551 4.58592 0 0.587891 
6.35547 29.5938 -0.455811 0.400391 0.375977 0.837402 6.30815 8 0.583984 
9.42188 -29.4531 -2.19141 0.652344 0.634277 1.78809 6.23555 7 0.583984 
8.75781 0.623047 -1.79395 0.620605 0.632324 1.7793 6.27928 7 0.583984 
-24.1875 -2.24414 -2.13672 0.592285 0.630371 1.82129 1.10645 7 0.577637 
8.30469 -25.9844 -2.00391 0.646484 0.625 1.78223 6.25964 7 0.575684 
-20.6094 -1.93652 -2.05078 0.539062 0.575684 1.75879 2.84521 7 0.574707 
-9.22656 -25.6094 -2.37891 0.690918 0.776855 1.90039 6.32078 7 0.570801 
-8.54688 -24.6406 -2.27734 0.683594 0.747559 1.87695 6.09959 7 0.563965 
10.5391 45.3438 0.553223 0.700195 0.698242 1.86035 6.2661 7 0.556641 
-24.2969 5.12109 -1.72852 0.705566 0.728516 1.87305 1.37695 7 0.556641 
8.4375 3.29102 -1.72852 0.591797 0.657227 1.75098 6.1804 7 0.554199 
9.33594 2.86328 -1.73828 0.577637 0.599121 1.75293 6.16545 7 0.548828 
6.69922 -9.30469 -1.85938 0.751465 0.910156 1.78125 6.20646 7 0.548828 
9.42188 -30.4844 -2.2207 0.650391 0.632812 1.80957 6.20604 7 0.545898 
-13.6797 -4.10156 -2.08594 0.612793 0.698242 1.69727 5.93211 7 0.545898 
-21.5625 -0.979492 -1.98242 0.583984 0.625488 1.77246 6.11033 7 0.544922 
10.3516 41.9375 0.28125 0.638672 0.67041 1.77539 6.3177 7 0.541992 
-25.1406 -2.32031 -2.1582 0.59668 0.630859 1.80566 1.17773 7 0.537598 
9.57031 -31.4531 -2.25391 0.654297 0.632324 1.79883 6.21385 7 0.536133 
-10.7266 -25.4062 -2.42578 0.665527 0.738281 1.87402 3.23827 7 0.535156 
-22.3281 -3.46484 -2.19141 0.547363 0.601562 1.79102 2.12792 7 0.53125 
9.5625 27.8438 -0.401367 0.693359 0.779297 1.83594 6.3994 7 0.53125 
-9.54688 -23.5781 -2.29492 0.663086 0.741211 1.8623 6.0908 7 0.529297 
11.3438 46.4688 0.660645 0.702637 0.738281 1.86035 6.25166 7 0.529297 
-3.84961 46.4688 0.32666 1.90527 4.64062 1.73926 6.23192 0 0.518555 
-10.375 19.5469 -1.34082 0.652832 0.702148 1.84961 3.11133 7 0.518555 
-9.03125 -5.12109 -1.9209 0.651367 0.736816 1.79102 3.41503 7 0.511719 
-29.3438 1.81055 -1.92383 0.602539 0.649902 1.73438 3.80517 7 0.510742 
10.7891 47.4375 0.693359 0.726562 0.747559 1.9043 6.30858 7 0.509766 
8.64844 -31.25 -2.22852 0.674316 0.649902 1.75586 6.19963 7 0.508789 
-10.4922 -23.4531 -2.37109 0.668457 0.734863 1.86328 6.1494 7 0.506836 
11.2578 44.7812 0.537598 0.682129 0.698242 1.8291 6.28815 7 0.506836 
10.1172 44.4375 0.50293 0.686035 0.662109 1.82422 6.24901 7 0.505859 
-30.2812 1.83887 -1.95801 0.591309 0.649902 1.74414 1.08789 7 0.504883 
-31.2188 1.82031 -1.98633 0.585938 0.659668 1.74512 1.1377 7 0.50293 
-21.9531 -4.47656 -2.27734 0.555176 0.606445 1.74805 1.2168 7 0.501953 
8.40625 24.375 -0.507812 0.681152 0.755859 1.77539 6.36851 7 0.500977 
11.4453 48.625 0.79834 0.747559 0.768555 1.88965 6.31302 7 0.500977 
